3 1 4 
6 0 7 
5 2 8 

3 1 4 
6 2 7 
5 0 8 

3 1 4 
6 2 7 
0 5 8 

3 1 4 
0 2 7 
6 5 8 

3 1 4 
2 0 7 
6 5 8 

3 0 4 
2 1 7 
6 5 8 

0 3 4 
2 1 7 
6 5 8 

2 3 4 
0 1 7 
6 5 8 

2 3 4 
1 0 7 
6 5 8 

2 3 4 
1 7 0 
6 5 8 

2 3 0 
1 7 4 
6 5 8 

2 0 3 
1 7 4 
6 5 8 

0 2 3 
1 7 4 
6 5 8 

1 2 3 
0 7 4 
6 5 8 

1 2 3 
7 0 4 
6 5 8 

1 2 3 
7 4 0 
6 5 8 

1 2 3 
7 4 8 
6 5 0 

1 2 3 
7 4 8 
6 0 5 

1 2 3 
7 4 8 
0 6 5 

1 2 3 
0 4 8 
7 6 5 

1 2 3 
4 0 8 
7 6 5 

1 2 3 
4 8 0 
7 6 5 

1 2 3 
4 8 5 
7 6 0 

1 2 3 
4 8 5 
7 0 6 

1 2 3 
4 0 5 
7 8 6 

1 2 3 
4 5 0 
7 8 6 

1 2 3 
4 5 6 
7 8 0 

